1111111111111. ’

11111 11111111.
11111111111111111111111111.

Prima.
6111111111 11111111 1111111111.

11111111. 1111111111 111 1111111-1111111111111111111 mit 1111111 1111111111. 11111111 (1111111
111111111111111111 111 11111111 1111111111 6111111111 (1111111111111111111111). 1111111 111
1111111111. 111111111111111111111111111. 611111111111111111111. 111111 1111111111. 1111111111
11111111. 1111111111111111. 361. 11111111111111111111111111111111.

111111. 1111111Μ11111, pro Milone 1. Orator. 111111111111111111111111111. 14111111
111111111111611111, 1411111111111111111111, 1111111111 11111111, 1111111111 111 11111111111111. 11111111
111 1111111111111111 11111 1111111111. 561. 1111 6111111111. Ηο111.1111.111.111.111111 111
111111111116111111. 1111111111111 111 lib. 1. 111 ΙΙ.1111111111111111111111111111111111. 261.
1111 61111111. 1111111111 1111111111 Tacitus 11111. 111. 1. 111 Hor. epist. 11, 1 111 epist. ad Pis.
161. 61111111. ‚

1111111111. Plat. Crito 111 Apolog. Thucyd. lib. 111. 111111111111 111 1111111111 1111
111111111111111. (1111111111 1111111111111 1111 1811111111. 1111111111 111 141111111 1111111111.
111111111111 1111 111111111111111. 461. 6116111111. Hom. 111111.111.9.13.15.16.17.
111111111111111111111.11111911124. (11111111τί11 111111111116111111, 11111 611111811111111
Oedipus Rex. 2 61. 1111 6111111111.

1111111 1111. Mignet: histoire de 11 revolution 1111111111 111 11111111111111111111111111.
1111111111111111111111111111111. 1111111111 111111111111111. 1111111111 111 (1111111111 1111
111111. 611111111111. 261. 1111 6111111111 Dr. 11111111.

1111111111. 1111111111111 111 1111111111 1111 111111,111111111111111111111111111111
1111111111 11111111 111 111 611111. 1111111111 111 11111111 1111111 11111111 11111111 111 111111 11111111
1111111111. 6111111111111111111. 161. 1111 1111111111111111311. 1. 1111111111.

111111111111111. 111111111111111111161111111. 11111 1111111111 11111111111111
6111111111. 11111116111111111 111 1111111111 11111. 11111111111111111111111111111111111 111
111111111111111. 11111111 111111 111 1111111111 111 1. 1111111111 111 (1111111111. 2 61. 1111
1111111111111111 111. 1. 1111111111. 1)111111111111111111116111111. bie 11111 11111111111111111
1116111111111. 1111111111111111111111111111111111111. Z. 2 61. 1111 111111111111111 1111111111.

 

