Α...

7. 1118711888811879. 818 811111881918 8111181811 811 181· 31118881111811811118
911111118611818111111 11188111 1118119881 818 18 8181 111181181881111111181 nom 28. 1811181811 1878 811
91119118 61118188 1188 1. 1111818. 11. 118981111118.

8. 1188 13. 1188881 1870. 811111111111811111811 9111111111811. 11891119181111181811111811
88181111881111889,181111118 011811181818111191181818 8181 20. 111811 1866 18111188 818 1881188111
1181111818 1111118 8818181118 111, 8111818 88181831118118881811118118881188811. 81188191
81118819181188 1881111188 8181881 10. 1118111818. 11. 8818111118.

9. 811831.118111ι8118711, 118111)11118111111811111111181818121. 1188881811811891811

111191, 8811 1118181 11111918 (8118881188 8881 l. 888881· 8. 3. ab 818 881 1111111118, 1881111111 1188111881· ,

818 ultimo 1111111 1181, 8881911881111188918 818 18 121, 811· 811111881111811118818.
10. 18881 8. 11181881 1879. 11111811881181111 1880188181988119 8818118111881 8111118118
8118111119 811 1111818118 11111 88818111888118 1188 18191881 1188118898919181111881 111191111118818181

a. 1118118111 888 111111118181811811111111818818 81111811818818 81818181111811181118 888 18
,bct 11111111 881 8118881118 888 1111811818118.

8. 111811 811181ῑὶ111 888 8811118811 8888118889 811 88911891 88181818111188111881181118,
111111 11811 811 8118198111 888 811 818118118811811111 881 8181118111.

e. 1111111111 8118118898 11118 8181111881189881811 18 811818 1111118918 911181881191118
91111118 818181811811811 91881111 8118181

d. 118 11118111 111811111111111111 8118889 881 818 0188881118 888 01181188118188111118
1111119181

811188111191111818181881811118 811 81111111119118 1188 81811 818 11188 818818111818811,
181118 111111181188181881 1. 111818. 11. 8818118118.

11. 8881181181111879. 11181111101181118181811111181811824.1181118.1118118811811111918
0188811818 181· 1188111889 811 8111811111 118 1188811911 88111181 818 1100 111811 8118111191.

12. 11181 11. 11181 1870. 1188 1811811811 88 1118181111118 1111118 8111881181118 11118881
18111188088181311118 81918818. 1011 ,111118 1811818 181188 1181181118 1111191118 ὁ 8891, im 8181
81114 1881118, 18 1118181118, 1811188888 888 1311118 11 14 8891 81118918, 888 1111 8891 8118111111
18 1188881 8111 81111 8881911888 111181191811188181,8811191881 1111911111811818. ·

13. 1318127811811870. 11181111 811 111111 811 98181818 1181111111 1111111 11181118118 818
8811118 888 811118111τί8. 118188 18 8891111, 111811 111111 81111 881 888 1811811888 18 8118818118
888 811 389188 18 811 11111 118181 118888181111118.

14. 81818118811879. 118 8111118 118111 1811818 811 188888118188181 18. 11811818
18. 1189811, 81119118111111188181 4. bis 13. 13118811888118.

811118 1111118111.

81118118181818188118818.

1888 1811811811 88181 11118189 818 0, 1811118811 u. 11. 8111 1118111118 8881881181 18 811
(81888118118111118 1181111111 1111111 11811811.

11111818111181988981181191111118 1111111181 881 ber 88881881 818 1111111118 8118181818 bert
61181111) 881 23. 13111811 n. 3. 888 811181118811191 1111811811 811 8181 11111918 0188881818 88 888

--ι-.ι

*1 1111181181 888181, 918 18 8111111111, 111. 181. 111181, 818 80. 8111188811 1851, 188181 1119181188 881 8181
11111918 8188811881. &r 81818111 1111 118888 1111 811811 1872 1118111118187688181811818811111181801111111818 888 1111118
8181 81881881 8111118111881888881181818811111811181118 888 11911 818 6. 8811 1878 811 1111118811 pro facultate docendi
111 811 8181911818 10111818811111118 11111188988118181111118 18 8111188818 88.

4

 

