—30-

811111 1111111111 111 11. strnue, 11111. (1111111111, 2 31111 11111111, mm 1111111111
11111111.

9· 1111111 1111111111 111 31111111 111 1111111 vt. 1111111111. (1111111111, 2 111111 1111111111,
11111 1111 1111111111111111111111111.

10. 1111111 1111111111 111 11. 111111, 1111111111 1111111111, 111 311111 1111111, 1111111.
111111 111 1111111111111111.

11. 11111113111111111.11111, fath. 1111111111, 2 11111111 111111, mist 1111111111 11111111.

11111111111111 1111111, 11. 1111111111, 1111111111, 1111111111111 &eber 1111111111111111

11111111 11111111 1111111.

8111111111111 1111 1111111111 111 11111111 111 ῦ1111111111 111111 111111 (111111111111111
Θ111111 1111111111 1111111.

11111111 (1111111111 1111 1111 (1111111111 1111111111
Ι. 1111111 111111 1111111111 ’
1. 11111111111111111111111. 1111111111 1111111. 1111311111. 1111111111111 111 5111111111
111. 11111111. 21. 1111111111. &enin 1879.
2. 8111111111 1111111 111111111111111111111, 1111 11. Θ1111111111. 1111111111. 1111111.
1878111 1879.
11. 1111 1111 1111111 8111111111
1. 11111111111111111111111111111 11 1111111111
(1111111111 Tell 11 la Suissa 11111 par 11. (1111111111. 1877.
(1111111111 111 11111111. 111 1111111 1878.

2. (11. 1). 1111111111 11 1111111
ι11111111 111111 1111 (11111111 1111 1111111111 11111. 1111 1111111111 1111 111 11111111
1111. 3. 11111. 1878.
131111 111 1111111111) 11111111111111111111 111 11111111. *Bon Dr. 11. 1111111111
1111)1.ἳς.1111111111. 1. 111111. 1878. 2. 11111. 1879.
111111111111111 bellum gallicum. 1111 111. 1. ῧτ. 11111111 111 11. 111111. 1879.
3. 11111111111111111111. 11. 11111111 1161111111
1111111111111111111111111111111111111111111 11 1111111111111111111111. 1111
11131111111111111111111. G. 11111111, 1878.
4. 6111111111 11 1311111111 1111111111
1111111111 8111111111111111111111111. ‘Bon Dr. 1111ῑῦ111111111. 1878.
5. 1111111111, 11111111 11 111111. (11111 111111.) 1111111111
1111111111· 1111111111. 1111 11111 1111111. 1. 111111. 8111111111. 1878, 2. 111111.
1111111ιεί11 3111111111. 3. 111111. (1111111111111111111. 1879.
11111111111111111111. >Bon Dr. (1. 11111. 1879.

6. 1111111111 81 11111111111111111

11111111 111111111111111131111111111(1111111111. 81111116111111. 6. 11111. 1878.

7. ῖς. 11. 1111111 11 11111111

13111· 1111111111111111111111111111111ῶ1111111. 1111 [11111111111111. 1. 111111. 1878.

8. 1111111111ῦ1111111111 11 1111111111

1311111111 heim 111111τὶ111 11 111 11111 1111 111111111111111111111111111111111111111111111.

1111 Dr. 1111111111ῶ111111. 1878.

1111111111111111111111111111 11 111 11111111. 1111111111111111. 1711111111.

11111111 111 Dr. 17. 1111111111. 1879.

 

