29
’ 01111111, 111111 11111 01111111 111 011111111111111 1111111111, 111111 011 1110111111 1011111111) 111 1111.
111111 1111111011 11 ι1111111111 111 11111111 111 11111 2111111, 111 111 0111111111 1111111111 111111. 0111 11111
101111111111111111111110111111111111111111 ς111111 111 1111 (0111111111 1111111111111 1111111111111111111
111 111111 1111 ’01111111 1111111111111 1111111111 111111 1111 2111111111 111211111111111111111111Ι
1111111111 111111111 0111111111 111111111111 1111111 1111 011111 111 11111 1111111111 10111111

’ 1111111111101111111111.

2111 19. 111111. 3. 1111111111 0111111111 111 0111 eim 1111111111 111 1111 11111111111111111
1111110111111 0111101111 11111111111εο11111ε0111111111 111111 11110111111111111 21111. 1111
, 1111 11111111111111 11111 1111 111 0111111111 111211111101111111111 1111111111, 1111111111111111111111111
111111 1111111101111111111111 111 11111111, 1111111 1111111 1111 1111111111 111111111111111111111111111
1111111111101111111111111111111111 01111111111111 111 0111111111111 11 211111111111.

vie 1111111111 11111111111111111111111 111111 11111 11111 21111111 111 1011111111 111111111111111,
11111 1111111111ιο1111111111111 Dr. 1111111, 1111 7. 3111 1111111111. 1011 1111111111111 1111111111
11111111 1111 111111 101111 1111 10. 11123. &uui 11111111111111111111.

——-—-—

11111111 1111111111.

‘oie 0111111111111111 01111111, 1111111 111 01111 111 0111111111 111011111111111 1111111111111,
1111111210, 111 111111111 44111 11111111111111111111. ’11111 1111 11111111 1111 19 01111111 1111 111111·
1111111 11111111111111 111 11111111111111 231 01111111 11111111111, 1111111 111111111111111 111111111 11111
128, lla 27, 1112110133, 1110 30, lV 40, V 20, 11124. 2111 111111111 1111 73 1111111111,
118 1111111111111· 0111111111, 40 1111111111 0111111111, 108 1111111111, 1231111 11111111.
1011211011111111111111111111111 111 01111111 111 0111111111 11 11111ι1111111111 11111111
111111111111. 01 1111 11111111
1. 11111121111111111 011111111111 1111 1111111 101. 01111, 1111. 0111111111,2111111111111111,
11111 2111111111 11111111.

2· 111111 2111111 1112111111111 111 11111112111111111, 1111. 0111111111, 2 11111111 1111111,
min 21111111 11111111.

3. 1111111111 2111111111 111 011111 1111 1111111 011111, 11111. 0111111111, 2 111111 11 1111111,
11111 111111111111111111 01111111111111111111111111111.

413111 2111111111 111 011111 1111 1111111 0111111, 11111. 0111111111, 3 11111111 111111,
11111 2111111111 11111111.

ὁ. 0111111111 111 0111111111 111 011111 01111011, 1111111111 0111111111, 2 111111 11 1111111,
11111 111111111111111111111 1111111111.

6. 1111111111 111111 111 21. 01111, 1111111111 01111111, 2 111111 11 1111111, 11111 11111111
1111111111111 11111111.

7. 111111 1111111111 111 1111111111 111 1111111 2111111111, 11111. 0111111111, 2 111111 11 1111111,
11111 1111 1111 2111111111 11111111.

——-....

*1 1111 1111111111111111111111111111 111111101111111111 111 1111111101111111 1111111111 111111111111 111 111111
111111111111111111111101111111111111111111 11111111111111111111 0111111111 (0111 1111 0111111111 2. 011111, 1111111111
111 1111111 1011111, 011111111111111 0111111111) 1111111111 11 1111111111 111 1111111111111111121 011111,111111111111
1111 01111ιο111111111 01111111111111. 2) 1111111111· 11111111 111 1111111111 0111 11111111 1111111111 1011111111 111 11111
111111 01111 0111111111 111 11111111 1111 111 01111111. 3) 31111 111111 1111111111 11111 0111111111 111 1111111
2111111 1111111111111111111111110111101111111111111. 41 1111111111 01111111 111 0111111110011111111111.

41

 

