21-

9. 11111111111111111 111111 1119111111111111 11 1111111111
81111111 1111 111 1111111111 111 1111111111 11111111. 1. 811111. 9111611111,
13. 11111111. 1879.
10. 8111111111 11 1111111111 11 8111111111
8111111111811111111111111111. 11119111811111111. 1. 111111 811111 1879.
8111111111 1111111111) 1111 1111111111111 1119111111111111111111. 811 Dr. 11. 8111,
11111. 1. 11111111. 1111111111. 1879.
11. 11111111 11111111 11111111 81111111
11111111111111 1111111111811111. 1111111. 111111 1111111111. 3. 11111111. 1879.
12. 1111111111 8111111111111111111. 111. &ridet 1118111111

8111111111 81111111 11111 811111111111, 1111111111 111 1111111111 911111111111. ’
1111 Dr. Dttn 1111111111. 1879.

13. 1311111111 11 1111111 11 1111111111 111 81111111
Le Malade imaginaire par Μο11111. 1111111111 Ο. 81111111. 9111111111. 1879.
(1111111111 111 1111111111111111. 1111 1111111 -1111111, 1879.
14. 11. 11. 11111111111111111111
11111 (1111111111. 81111111811111111). 1111 Dr. 1111111111. 1879.
ί11111111911111111111111111111111 111 11111111 1111111111 111 &ruht 1111111111111 9111111111
111111111111111111111 111 1111 1111111111111111 1111111111 1911111111 11111111 111 11111111111111111 1111111
111 11111111 111 1111111111 19111 111.

1111111 1111111111.

1111 1111111111 11111111 111111 11111111 111 11. 1111111189119111111111131111
11αῴ1111119 ab 11 bem 111111111111111 111ὓ1111ῧκ111111111111111 13111111 111111

&emittm

611111 11111111 111 8111111111. ,
111111111111111 (11111.) 111 811111.
nunna: 1111111111 (11111111 19111111.
uniet-&efflat 1311111 (Caesar).
9111811111 8111111111 (1111111).

1111111111.

&etanta B: 1111111111.
9111111 A: 111111 (Cicero).

1111111 9111111111111 8111111111.

¹-.-—---—-n--------

 

